Vec Object: 1 MPI processes
  type: seq
0.499669
0.
0.499252
0.
0.225356
0.
0.224932
0.
0.131336
0.
0.130899
0.
0.0899124
0.
0.089455
0.
0.0672798
0.
0.0667945
0.
0.0528864
0.
0.0523652
0.
0.0427721
0.
0.0422064
0.
0.0351722
0.
0.0345523
0.
0.0291825
0.
0.0284979
0.
0.0242885
0.
0.023527
0.
0.0201724
0.
0.01932
0.
0.0166248
0.
0.0156651
0.
0.0134992
0.
0.0124127
0.
0.0106875
0.
0.00945059
0.
0.00810513
0.
0.00668841
0.
0.00568186
0.
0.00404773
0.
0.00335493
0.
0.00145378
0.
0.00106359
0.
-0.0011728
0.
-0.00125669
0.
-0.00392699
0.
-0.00368172
0.
-0.00693847
0.
-0.00631054
0.
-0.0104118
0.
-0.00928728
0.
-0.0147285
0.
-0.0128455
0.
-0.0207549
0.
-0.0174057
0.
-0.0309395
0.
-0.0237992
0.
-0.0537751
0.
0.499669
0.
0.499805
0.
0.225909
0.
0.226048
0.
0.132451
0.
0.132594
0.
0.0916079
0.
0.0917579
0.
0.0695827
0.
0.0697418
0.
0.0558336
0.
0.0560045
0.
0.0464114
0.
0.0465968
0.
0.0395626
0.
0.0397657
0.
0.0343959
0.
0.03462
0.
0.0304107
0.
0.0306599
0.
0.0273054
0.
0.0275841
0.
0.0248889
0.
0.0252023
0.
0.0230364
0.
0.0233907
0.
0.0216654
0.
0.0220679
0.
0.0207225
0.
0.0211822
0.
0.0201756
0.
0.0207038
0.
0.020011
0.
0.020622
0.
0.0202318
0.
0.0209444
0.
0.0208605
0.
0.0216997
0.
0.021945
0.
0.0229445
0.
0.0235724
0.
0.0247744
0.
0.025899
0.
0.0273367
0.
0.0292197
0.
0.030804
0.
0.0341532
0.
0.0350586
0.
0.0421989
0.
0.0376555
0.
0.772239
0.
0.771549
0.
0.496328
0.
0.495627
0.
0.342526
0.
0.341803
0.
0.252642
0.
0.251885
0.
0.195903
0.
0.1951
0.
0.157327
0.
0.156464
0.
0.129441
0.
0.128505
0.
0.108297
0.
0.107271
0.
0.0916653
0.
0.0905323
0.
0.0782098
0.
0.0769498
0.
0.0670818
0.
0.065672
0.
0.0577165
0.
0.0561299
0.
0.0497209
0.
0.0479259
0.
0.042811
0.
0.0407691
0.
0.0367736
0.
0.0344375
0.
0.031443
0.
0.0287525
0.
0.0266853
0.
0.0235622
0.
0.0223879
0.
0.0187264
0.
0.0184518
0.
0.014103
0.
0.0147853
0.
0.00952948
0.
0.0112993
0.
0.00479405
0.
0.00790593
0.
-0.000410673
0.
0.00453058
0.
-0.00654752
0.
0.00117515
0.
-0.0141693
0.
-0.00181702
0.
-0.0227063
0.
0.772239
0.
0.772094
0.
0.496872
0.
0.496724
0.
0.343623
0.
0.343471
0.
0.25431
0.
0.25415
0.
0.198169
0.
0.197999
0.
0.160227
0.
0.160044
0.
0.133022
0.
0.132824
0.
0.112615
0.
0.112398
0.
0.0967927
0.
0.0965525
0.
0.08423
0.
0.0839623
0.
0.0740943
0.
0.0737941
0.
0.0658386
0.
0.0654996
0.
0.0590905
0.
0.0587052
0.
0.0535903
0.
0.0531494
0.
0.0491539
0.
0.0486454
0.
0.0456509
0.
0.0450588
0.
0.0429915
0.
0.0422935
0.
0.0411193
0.
0.0402829
0.
0.0400084
0.
0.038983
0.
0.0396653
0.
0.0383655
0.
0.0401353
0.
0.0384047
0.
0.0415165
0.
0.0390397
0.
0.043981
0.
0.040066
0.
0.0477887
0.
0.0408352
0.
0.0531875
0.
0.0395896
0.
0.86451
0.
0.863558
0.
0.64519
0.
0.644223
0.
0.489798
0.
0.4888
0.
0.382226
0.
0.381181
0.
0.306364
0.
0.305255
0.
0.251078
0.
0.249887
0.
0.209369
0.
0.208078
0.
0.176908
0.
0.175493
0.
0.150972
0.
0.149411
0.
0.129803
0.
0.128068
0.
0.112229
0.
0.110288
0.
0.0974384
0.
0.0952568
0.
0.0848569
0.
0.0823918
0.
0.074062
0.
0.0712626
0.
0.0647354
0.
0.0615399
0.
0.0566313
0.
0.0529628
0.
0.0495553
0.
0.045316
0.
0.0433509
0.
0.0384131
0.
0.0378907
0.
0.0320832
0.
0.0330719
0.
0.0261593
0.
0.0288165
0.
0.0204692
0.
0.0250811
0.
0.0148393
0.
0.0218868
0.
0.00914477
0.
0.0193927
0.
0.00351609
0.
0.0180623
0.
-0.00106383
0.
0.86451
0.
0.864085
0.
0.645717
0.
0.645285
0.
0.49086
0.
0.490414
0.
0.383841
0.
0.383374
0.
0.308556
0.
0.30806
0.
0.253883
0.
0.253351
0.
0.212833
0.
0.212255
0.
0.181085
0.
0.180451
0.
0.15593
0.
0.155229
0.
0.135622
0.
0.134843
0.
0.119003
0.
0.11813
0.
0.105281
0.
0.104297
0.
0.0938967
0.
0.0927812
0.
0.0844514
0.
0.0831791
0.
0.076652
0.
0.0751912
0.
0.0702826
0.
0.0685924
0.
0.0651849
0.
0.0632105
0.
0.0612454
0.
0.0589109
0.
0.0583885
0.
0.0555837
0.
0.0565724
0.
0.0531298
0.
0.055787
0.
0.051439
0.
0.0560509
0.
0.0503514
0.
0.0573989
0.
0.0495851
0.
0.0598331
0.
0.0486267
0.
0.0631729
0.
0.0466801
0.
0.90417
0.
0.902971
0.
0.730125
0.
0.728907
0.
0.58925
0.
0.587993
0.
0.480101
0.
0.478785
0.
0.396248
0.
0.394852
0.
0.331251
0.
0.329753
0.
0.280051
0.
0.278426
0.
0.238994
0.
0.237215
0.
0.205512
0.
0.203549
0.
0.177803
0.
0.175624
0.
0.154591
0.
0.152156
0.
0.134952
0.
0.132217
0.
0.118206
0.
0.115122
0.
0.103845
0.
0.100349
0.
0.0914747
0.
0.0874967
0.
0.0807914
0.
0.0762427
0.
0.0715536
0.
0.0663258
0.
0.0635697
0.
0.0575268
0.
0.0566883
0.
0.0496575
0.
0.0507951
0.
0.0425553
0.
0.0458135
0.
0.0360843
0.
0.0417154
0.
0.0301539
0.
0.0385426
0.
0.0247712
0.
0.0364467
0.
0.0201527
0.
0.0357372
0.
0.0168726
0.
0.90417
0.
0.903471
0.
0.730626
0.
0.729916
0.
0.590259
0.
0.589527
0.
0.481636
0.
0.480869
0.
0.398332
0.
0.397518
0.
0.333917
0.
0.333043
0.
0.283341
0.
0.282393
0.
0.242961
0.
0.241922
0.
0.210219
0.
0.209071
0.
0.183326
0.
0.182049
0.
0.161017
0.
0.159588
0.
0.142384
0.
0.140775
0.
0.126764
0.
0.124944
0.
0.113667
0.
0.111595
0.
0.10272
0.
0.100348
0.
0.0936426
0.
0.090909
0.
0.0862199
0.
0.0830451
0.
0.0802889
0.
0.0765663
0.
0.0757279
0.
0.0713113
0.
0.0724488
0.
0.067131
0.
0.0703892
0.
0.0638702
0.
0.0695013
0.
0.0613418
0.
0.0697306
0.
0.0592964
0.
0.0709719
0.
0.0574063
0.
0.0729908
0.
0.0553313
0.
0.925014
0.
0.923587
0.
0.781891
0.
0.780441
0.
0.656975
0.
0.655479
0.
0.552681
0.
0.551116
0.
0.467276
0.
0.465616
0.
0.397627
0.
0.395845
0.
0.340589
0.
0.338657
0.
0.293504
0.
0.291391
0.
0.254277
0.
0.251947
0.
0.221307
0.
0.218721
0.
0.19338
0.
0.190494
0.
0.169571
0.
0.166335
0.
0.149173
0.
0.145529
0.
0.131635
0.
0.127517
0.
0.116527
0.
0.111855
0.
0.103506
0.
0.0981856
0.
0.0922982
0.
0.0862179
0.
0.0826858
0.
0.0757106
0.
0.0744979
0.
0.0664648
0.
0.0676065
0.
0.0583201
0.
0.0619272
0.
0.0511587
0.
0.0574242
0.
0.0449207
0.
0.0541216
0.
0.0396334
0.
0.0521143
0.
0.0354511
0.
0.0515673
0.
0.0326644
0.
0.925014
0.
0.924054
0.
0.782358
0.
0.781382
0.
0.657916
0.
0.65691
0.
0.554111
0.
0.553058
0.
0.469218
0.
0.4681
0.
0.400111
0.
0.398911
0.
0.343655
0.
0.342352
0.
0.297199
0.
0.295773
0.
0.258659
0.
0.257085
0.
0.226445
0.
0.224695
0.
0.199353
0.
0.197396
0.
0.176473
0.
0.174273
0.
0.157111
0.
0.154624
0.
0.140731
0.
0.137908
0.
0.126918
0.
0.123697
0.
0.115348
0.
0.111651
0.
0.105763
0.
0.101495
0.
0.0979624
0.
0.0929982
0.
0.0917855
0.
0.085964
0.
0.0871058
0.
0.0802127
0.
0.0838198
0.
0.0755691
0.
0.0818346
0.
0.0718493
0.
0.0810502
0.
0.0688522
0.
0.0813331
0.
0.066371
0.
0.0824872
0.
0.0642479
0.
0.937584
0.
0.935951
0.
0.815448
0.
0.81379
0.
0.704077
0.
0.702367
0.
0.606372
0.
0.604582
0.
0.522548
0.
0.52065
0.
0.451391
0.
0.449355
0.
0.391175
0.
0.388968
0.
0.340156
0.
0.337743
0.
0.296787
0.
0.294128
0.
0.259769
0.
0.256821
0.
0.228049
0.
0.224763
0.
0.200779
0.
0.1971
0.
0.177278
0.
0.173142
0.
0.156997
0.
0.152334
0.
0.139493
0.
0.134219
0.
0.124407
0.
0.118427
0.
0.111447
0.
0.10465
0.
0.100377
0.
0.0926329
0.
0.0910109
0.
0.0821709
0.
0.083206
0.
0.0731014
0.
0.0768644
0.
0.0653099
0.
0.0719328
0.
0.0587369
0.
0.0684053
0.
0.0533905
0.
0.0663214
0.
0.0493538
0.
0.0657533
0.
0.0467665
0.
0.937584
0.
0.936377
0.
0.815874
0.
0.814648
0.
0.704936
0.
0.703671
0.
0.607676
0.
0.606352
0.
0.524318
0.
0.522914
0.
0.453654
0.
0.452147
0.
0.393967
0.
0.392333
0.
0.343521
0.
0.341731
0.
0.300775
0.
0.298801
0.
0.264442
0.
0.26225
0.
0.233478
0.
0.231029
0.
0.207045
0.
0.204296
0.
0.184474
0.
0.181373
0.
0.165228
0.
0.161715
0.
0.148875
0.
0.14488
0.
0.135068
0.
0.130503
0.
0.123523
0.
0.118284
0.
0.114012
0.
0.107968
0.
0.106346
0.
0.099334
0.
0.100369
0.
0.0921866
0.
0.0959495
0.
0.0863442
0.
0.0929671
0.
0.081634
0.
0.0913024
0.
0.0778923
0.
0.0908232
0.
0.0749774
0.
0.0913769
0.
0.0728021
0.
0.945823
0.
0.944011
0.
0.838241
0.
0.836401
0.
0.737515
0.
0.735617
0.
0.646183
0.
0.644197
0.
0.565152
0.
0.563046
0.
0.494214
0.
0.491956
0.
0.432563
0.
0.430117
0.
0.37916
0.
0.376486
0.
0.332943
0.
0.329999
0.
0.292933
0.
0.289671
0.
0.25827
0.
0.254638
0.
0.228219
0.
0.224159
0.
0.202163
0.
0.197607
0.
0.179581
0.
0.174456
0.
0.160041
0.
0.154262
0.
0.143183
0.
0.136654
0.
0.128706
0.
0.12132
0.
0.116366
0.
0.108001
0.
0.105962
0.
0.0964844
0.
0.0973421
0.
0.0866049
0.
0.0903915
0.
0.0782425
0.
0.0850375
0.
0.0713265
0.
0.0812453
0.
0.065838
0.
0.0790129
0.
0.061807
0.
0.0783578
0.
0.0592947
0.
0.945823
0.
0.944389
0.
0.838619
0.
0.837162
0.
0.738276
0.
0.736774
0.
0.64734
0.
0.645767
0.
0.566722
0.
0.565054
0.
0.496222
0.
0.494432
0.
0.43504
0.
0.433099
0.
0.382143
0.
0.38002
0.
0.336477
0.
0.334136
0.
0.29707
0.
0.294474
0.
0.263072
0.
0.260175
0.
0.233756
0.
0.230509
0.
0.208512
0.
0.204857
0.
0.186831
0.
0.182701
0.
0.168286
0.
0.163604
0.
0.152524
0.
0.147198
0.
0.13925
0.
0.133171
0.
0.128216
0.
0.121255
0.
0.119216
0.
0.111218
0.
0.112075
0.
0.102855
0.
0.106642
0.
0.095987
0.
0.102782
0.
0.0904503
0.
0.100369
0.
0.0861056
0.
0.0992804
0.
0.0828444
0.
0.0993952
0.
0.0806062
0.
0.951479
0.
0.949517
0.
0.854178
0.
0.852184
0.
0.761558
0.
0.759503
0.
0.675692
0.
0.673542
0.
0.597662
0.
0.595383
0.
0.52775
0.
0.525306
0.
0.465704
0.
0.463057
0.
0.410978
0.
0.408086
0.
0.362894
0.
0.359712
0.
0.32075
0.
0.317227
0.
0.283877
0.
0.279959
0.
0.251666
0.
0.24729
0.
0.223572
0.
0.218671
0.
0.199123
0.
0.193621
0.
0.177908
0.
0.17172
0.
0.159576
0.
0.152608
0.
0.143829
0.
0.135976
0.
0.130416
0.
0.121565
0.
0.119131
0.
0.109161
0.
0.109809
0.
0.0985913
0.
0.102322
0.
0.0897287
0.
0.0965803
0.
0.0824885
0.
0.0925256
0.
0.0768281
0.
0.0901269
0.
0.0727416
0.
0.0893705
0.
0.0702474
0.
0.951479
0.
0.949841
0.
0.854502
0.
0.852838
0.
0.762212
0.
0.760495
0.
0.676685
0.
0.674888
0.
0.599009
0.
0.597104
0.
0.529471
0.
0.527428
0.
0.467827
0.
0.465612
0.
0.413533
0.
0.411112
0.
0.365919
0.
0.363252
0.
0.32429
0.
0.321334
0.
0.287984
0.
0.284688
0.
0.256395
0.
0.252707
0.
0.228989
0.
0.224845
0.
0.205297
0.
0.200627
0.
0.184914
0.
0.179637
0.
0.167494
0.
0.161514
0.
0.152736
0.
0.145947
0.
0.140387
0.
0.132663
0.
0.130228
0.
0.121426
0.
0.122074
0.
0.112031
0.
0.115761
0.
0.104298
0.
0.11115
0.
0.0980746
0.
0.108112
0.
0.0932353
0.
0.106534
0.
0.0896882
0.
0.106317
0.
0.0873831
0.
0.955432
0.
0.95335
0.
0.865433
0.
0.863318
0.
0.778848
0.
0.776667
0.
0.697366
0.
0.695085
0.
0.622055
0.
0.619638
0.
0.553419
0.
0.550828
0.
0.491526
0.
0.488721
0.
0.436153
0.
0.433089
0.
0.386903
0.
0.383533
0.
0.343295
0.
0.339568
0.
0.304824
0.
0.300681
0.
0.270994
0.
0.266372
0.
0.241338
0.
0.236168
0.
0.215431
0.
0.209636
0.
0.192892
0.
0.186388
0.
0.173386
0.
0.16608
0.
0.156618
0.
0.148411
0.
0.142339
0.
0.133124
0.
0.130337
0.
0.120003
0.
0.120439
0.
0.108871
0.
0.112507
0.
0.0995925
0.
0.106436
0.
0.0920707
0.
0.10215
0.
0.0862443
0.
0.0995987
0.
0.0820837
0.
0.0987498
0.
0.0795829
0.
0.955432
0.
0.953616
0.
0.865698
0.
0.863853
0.
0.779383
0.
0.77748
0.
0.698178
0.
0.696187
0.
0.623157
0.
0.621047
0.
0.554828
0.
0.552564
0.
0.493263
0.
0.490811
0.
0.438243
0.
0.435563
0.
0.389377
0.
0.386426
0.
0.346188
0.
0.34292
0.
0.308177
0.
0.304539
0.
0.274851
0.
0.270785
0.
0.24575
0.
0.24119
0.
0.220453
0.
0.215325
0.
0.198581
0.
0.192802
0.
0.1798
0.
0.173275
0.
0.163814
0.
0.156439
0.
0.150367
0.
0.142023
0.
0.139236
0.
0.129793
0.
0.13023
0.
0.119544
0.
0.12318
0.
0.1111
0.
0.117943
0.
0.104315
0.
0.114394
0.
0.0990728
0.
0.112427
0.
0.0952902
0.
0.111956
0.
0.0929206
0.
0.958168
0.
0.955999
0.
0.873273
0.
0.87107
0.
0.791036
0.
0.788764
0.
0.712868
0.
0.710492
0.
0.639773
0.
0.637255
0.
0.572345
0.
0.569646
0.
0.510829
0.
0.507908
0.
0.455206
0.
0.452017
0.
0.40527
0.
0.401765
0.
0.360705
0.
0.356829
0.
0.321131
0.
0.316825
0.
0.286147
0.
0.281348
0.
0.255354
0.
0.249991
0.
0.228371
0.
0.222367
0.
0.204845
0.
0.198117
0.
0.184455
0.
0.176913
0.
0.166918
0.
0.158464
0.
0.151984
0.
0.142517
0.
0.139439
0.
0.128854
0.
0.129104
0.
0.117296
0.
0.120832
0.
0.1077
0.
0.114507
0.
0.0999576
0.
0.11004
0.
0.0939946
0.
0.107368
0.
0.0897659
0.
0.106447
0.
0.0872508
0.
0.958168
0.
0.956202
0.
0.873475
0.
0.871478
0.
0.791444
0.
0.789384
0.
0.713489
0.
0.711334
0.
0.640614
0.
0.638331
0.
0.57342
0.
0.570972
0.
0.512154
0.
0.509502
0.
0.4568
0.
0.453903
0.
0.407156
0.
0.403969
0.
0.362909
0.
0.359382
0.
0.323684
0.
0.319761
0.
0.289083
0.
0.284703
0.
0.258709
0.
0.253805
0.
0.232184
0.
0.226681
0.
0.209158
0.
0.202971
0.
0.18931
0.
0.182347
0.
0.172352
0.
0.16451
0.
0.15803
0.
0.149199
0.
0.146121
0.
0.136179
0.
0.136429
0.
0.125251
0.
0.128786
0.
0.116242
0.
0.123049
0.
0.109012
0.
0.119095
0.
0.103451
0.
0.116824
0.
0.0994793
0.
0.116161
0.
0.0970528
0.
0.959967
0.
0.957745
0.
0.878454
0.
0.876197
0.
0.799155
0.
0.796828
0.
0.723298
0.
0.720865
0.
0.651824
0.
0.649245
0.
0.585358
0.
0.582594
0.
0.52424
0.
0.521249
0.
0.46857
0.
0.465306
0.
0.418267
0.
0.414679
0.
0.373122
0.
0.369157
0.
0.332847
0.
0.328444
0.
0.297109
0.
0.292204
0.
0.265559
0.
0.260082
0.
0.237853
0.
0.231726
0.
0.21366
0.
0.206799
0.
0.192673
0.
0.184991
0.
0.174616
0.
0.166017
0.
0.15924
0.
0.149626
0.
0.146332
0.
0.135602
0.
0.135706
0.
0.12376
0.
0.12721
0.
0.113954
0.
0.120719
0.
0.106065
0.
0.116135
0.
0.100011
0.
0.113386
0.
0.0957347
0.
0.11242
0.
0.0932071
0.
0.959967
0.
0.957882
0.
0.878591
0.
0.876473
0.
0.79943
0.
0.797246
0.
0.723717
0.
0.721433
0.
0.652392
0.
0.649971
0.
0.586083
0.
0.583489
0.
0.525134
0.
0.522325
0.
0.469646
0.
0.466578
0.
0.419539
0.
0.416166
0.
0.374609
0.
0.370878
0.
0.334568
0.
0.330421
0.
0.299086
0.
0.294462
0.
0.267818
0.
0.262646
0.
0.240418
0.
0.234623
0.
0.216557
0.
0.210055
0.
0.195929
0.
0.188629
0.
0.178254
0.
0.170057
0.
0.163281
0.
0.154082
0.
0.150787
0.
0.140474
0.
0.140579
0.
0.129038
0.
0.132487
0.
0.119606
0.
0.126371
0.
0.112042
0.
0.122111
0.
0.106239
0.
0.119614
0.
0.102123
0.
0.118809
0.
0.0996508
0.
0.96099
0.
0.95875
0.
0.881421
0.
0.879145
0.
0.803831
0.
0.801485
0.
0.729347
0.
0.726894
0.
0.658865
0.
0.656266
0.
0.593022
0.
0.590237
0.
0.532202
0.
0.529188
0.
0.476568
0.
0.473278
0.
0.426106
0.
0.42249
0.
0.380671
0.
0.376675
0.
0.340026
0.
0.33559
0.
0.303882
0.
0.298942
0.
0.271922
0.
0.266406
0.
0.243823
0.
0.237654
0.
0.219268
0.
0.212364
0.
0.197962
0.
0.190234
0.
0.179631
0.
0.170985
0.
0.16403
0.
0.154368
0.
0.150941
0.
0.140166
0.
0.140178
0.
0.12819
0.
0.131582
0.
0.118289
0.
0.125023
0.
0.110339
0.
0.120396
0.
0.104248
0.
0.11762
0.
0.0999549
0.
0.116641
0.
0.0974229
0.
0.96099
0.
0.958819
0.
0.88149
0.
0.879284
0.
0.80397
0.
0.801696
0.
0.729558
0.
0.72718
0.
0.659151
0.
0.656632
0.
0.593388
0.
0.590687
0.
0.532652
0.
0.529729
0.
0.47711
0.
0.473918
0.
0.426747
0.
0.423239
0.
0.381419
0.
0.377541
0.
0.340892
0.
0.336585
0.
0.304877
0.
0.300077
0.
0.273058
0.
0.267695
0.
0.245111
0.
0.239109
0.
0.220723
0.
0.213998
0.
0.199596
0.
0.192058
0.
0.181455
0.
0.173008
0.
0.166053
0.
0.156596
0.
0.153169
0.
0.142598
0.
0.142611
0.
0.130821
0.
0.134213
0.
0.121102
0.
0.127836
0.
0.113309
0.
0.123366
0.
0.10734
0.
0.120712
0.
0.103124
0.
0.11981
0.
0.100618
0.
0.961322
0.
0.959099
0.
0.882408
0.
0.88015
0.
0.805401
0.
0.803072
0.
0.731394
0.
0.728959
0.
0.661269
0.
0.658689
0.
0.595664
0.
0.5929
0.
0.534978
0.
0.531986
0.
0.479394
0.
0.476128
0.
0.428919
0.
0.42533
0.
0.383428
0.
0.379461
0.
0.342705
0.
0.338301
0.
0.306472
0.
0.301567
0.
0.274425
0.
0.268947
0.
0.246247
0.
0.24012
0.
0.221629
0.
0.214769
0.
0.200276
0.
0.192596
0.
0.181917
0.
0.173321
0.
0.166306
0.
0.156697
0.
0.153225
0.
0.142502
0.
0.142483
0.
0.130546
0.
0.133919
0.
0.120672
0.
0.127396
0.
0.112752
0.
0.122804
0.
0.106689
0.
0.120059
0.
0.102414
0.
0.1191
0.
0.0998887
0.
0.961322
0.
0.959099
0.
0.882408
0.
0.88015
0.
0.805401
0.
0.803072
0.
0.731394
0.
0.728959
0.
0.661269
0.
0.658689
0.
0.595664
0.
0.5929
0.
0.534978
0.
0.531986
0.
0.479394
0.
0.476128
0.
0.428919
0.
0.42533
0.
0.383428
0.
0.379461
0.
0.342705
0.
0.338301
0.
0.306472
0.
0.301567
0.
0.274425
0.
0.268947
0.
0.246247
0.
0.24012
0.
0.221629
0.
0.214769
0.
0.200276
0.
0.192596
0.
0.181917
0.
0.173321
0.
0.166306
0.
0.156697
0.
0.153225
0.
0.142502
0.
0.142483
0.
0.130546
0.
0.133919
0.
0.120672
0.
0.127396
0.
0.112752
0.
0.122804
0.
0.106689
0.
0.120059
0.
0.102414
0.
0.1191
0.
0.0998887
0.
0.96099
0.
0.958819
0.
0.88149
0.
0.879284
0.
0.80397
0.
0.801696
0.
0.729558
0.
0.72718
0.
0.659151
0.
0.656632
0.
0.593388
0.
0.590687
0.
0.532652
0.
0.529729
0.
0.47711
0.
0.473918
0.
0.426747
0.
0.423239
0.
0.381419
0.
0.377541
0.
0.340892
0.
0.336585
0.
0.304877
0.
0.300077
0.
0.273058
0.
0.267695
0.
0.245111
0.
0.239109
0.
0.220723
0.
0.213998
0.
0.199596
0.
0.192058
0.
0.181455
0.
0.173008
0.
0.166053
0.
0.156596
0.
0.153169
0.
0.142598
0.
0.142611
0.
0.130821
0.
0.134213
0.
0.121102
0.
0.127836
0.
0.113309
0.
0.123366
0.
0.10734
0.
0.120712
0.
0.103124
0.
0.11981
0.
0.100618
0.
0.96099
0.
0.95875
0.
0.881421
0.
0.879145
0.
0.803831
0.
0.801485
0.
0.729347
0.
0.726894
0.
0.658865
0.
0.656266
0.
0.593022
0.
0.590237
0.
0.532202
0.
0.529188
0.
0.476568
0.
0.473278
0.
0.426106
0.
0.42249
0.
0.380671
0.
0.376675
0.
0.340026
0.
0.33559
0.
0.303882
0.
0.298942
0.
0.271922
0.
0.266406
0.
0.243823
0.
0.237654
0.
0.219268
0.
0.212364
0.
0.197962
0.
0.190234
0.
0.179631
0.
0.170985
0.
0.16403
0.
0.154368
0.
0.150941
0.
0.140166
0.
0.140178
0.
0.12819
0.
0.131582
0.
0.118289
0.
0.125023
0.
0.110339
0.
0.120396
0.
0.104248
0.
0.11762
0.
0.0999549
0.
0.116641
0.
0.0974229
0.
0.959967
0.
0.957882
0.
0.878591
0.
0.876473
0.
0.79943
0.
0.797246
0.
0.723717
0.
0.721433
0.
0.652392
0.
0.649971
0.
0.586083
0.
0.583489
0.
0.525134
0.
0.522325
0.
0.469646
0.
0.466578
0.
0.419539
0.
0.416166
0.
0.374609
0.
0.370878
0.
0.334568
0.
0.330421
0.
0.299086
0.
0.294462
0.
0.267818
0.
0.262646
0.
0.240418
0.
0.234623
0.
0.216557
0.
0.210055
0.
0.195929
0.
0.188629
0.
0.178254
0.
0.170057
0.
0.163281
0.
0.154082
0.
0.150787
0.
0.140474
0.
0.140579
0.
0.129038
0.
0.132487
0.
0.119606
0.
0.126371
0.
0.112042
0.
0.122111
0.
0.106239
0.
0.119614
0.
0.102123
0.
0.118809
0.
0.0996508
0.
0.959967
0.
0.957745
0.
0.878454
0.
0.876197
0.
0.799155
0.
0.796828
0.
0.723298
0.
0.720865
0.
0.651824
0.
0.649245
0.
0.585358
0.
0.582594
0.
0.52424
0.
0.521249
0.
0.46857
0.
0.465306
0.
0.418267
0.
0.414679
0.
0.373122
0.
0.369157
0.
0.332847
0.
0.328444
0.
0.297109
0.
0.292204
0.
0.265559
0.
0.260082
0.
0.237853
0.
0.231726
0.
0.21366
0.
0.206799
0.
0.192673
0.
0.184991
0.
0.174616
0.
0.166017
0.
0.15924
0.
0.149626
0.
0.146332
0.
0.135602
0.
0.135706
0.
0.12376
0.
0.12721
0.
0.113954
0.
0.120719
0.
0.106065
0.
0.116135
0.
0.100011
0.
0.113386
0.
0.0957347
0.
0.11242
0.
0.0932071
0.
0.958168
0.
0.956202
0.
0.873475
0.
0.871478
0.
0.791444
0.
0.789384
0.
0.713489
0.
0.711334
0.
0.640614
0.
0.638331
0.
0.57342
0.
0.570972
0.
0.512154
0.
0.509502
0.
0.4568
0.
0.453903
0.
0.407156
0.
0.403969
0.
0.362909
0.
0.359382
0.
0.323684
0.
0.319761
0.
0.289083
0.
0.284703
0.
0.258709
0.
0.253805
0.
0.232184
0.
0.226681
0.
0.209158
0.
0.202971
0.
0.18931
0.
0.182347
0.
0.172352
0.
0.16451
0.
0.15803
0.
0.149199
0.
0.146121
0.
0.136179
0.
0.136429
0.
0.125251
0.
0.128786
0.
0.116242
0.
0.123049
0.
0.109012
0.
0.119095
0.
0.103451
0.
0.116824
0.
0.0994793
0.
0.116161
0.
0.0970528
0.
0.958168
0.
0.955999
0.
0.873273
0.
0.87107
0.
0.791036
0.
0.788764
0.
0.712868
0.
0.710492
0.
0.639773
0.
0.637255
0.
0.572345
0.
0.569646
0.
0.510829
0.
0.507908
0.
0.455206
0.
0.452017
0.
0.40527
0.
0.401765
0.
0.360705
0.
0.356829
0.
0.321131
0.
0.316825
0.
0.286147
0.
0.281348
0.
0.255354
0.
0.249991
0.
0.228371
0.
0.222367
0.
0.204845
0.
0.198117
0.
0.184455
0.
0.176913
0.
0.166918
0.
0.158464
0.
0.151984
0.
0.142517
0.
0.139439
0.
0.128854
0.
0.129104
0.
0.117296
0.
0.120832
0.
0.1077
0.
0.114507
0.
0.0999576
0.
0.11004
0.
0.0939946
0.
0.107368
0.
0.0897659
0.
0.106447
0.
0.0872508
0.
0.955432
0.
0.953616
0.
0.865698
0.
0.863853
0.
0.779383
0.
0.77748
0.
0.698178
0.
0.696187
0.
0.623157
0.
0.621047
0.
0.554828
0.
0.552564
0.
0.493263
0.
0.490811
0.
0.438243
0.
0.435563
0.
0.389377
0.
0.386426
0.
0.346188
0.
0.34292
0.
0.308177
0.
0.304539
0.
0.274851
0.
0.270785
0.
0.24575
0.
0.24119
0.
0.220453
0.
0.215325
0.
0.198581
0.
0.192802
0.
0.1798
0.
0.173275
0.
0.163814
0.
0.156439
0.
0.150367
0.
0.142023
0.
0.139236
0.
0.129793
0.
0.13023
0.
0.119544
0.
0.12318
0.
0.1111
0.
0.117943
0.
0.104315
0.
0.114394
0.
0.0990728
0.
0.112427
0.
0.0952902
0.
0.111956
0.
0.0929206
0.
0.955432
0.
0.95335
0.
0.865433
0.
0.863318
0.
0.778848
0.
0.776667
0.
0.697366
0.
0.695085
0.
0.622055
0.
0.619638
0.
0.553419
0.
0.550828
0.
0.491526
0.
0.488721
0.
0.436153
0.
0.433089
0.
0.386903
0.
0.383533
0.
0.343295
0.
0.339568
0.
0.304824
0.
0.300681
0.
0.270994
0.
0.266372
0.
0.241338
0.
0.236168
0.
0.215431
0.
0.209636
0.
0.192892
0.
0.186388
0.
0.173386
0.
0.16608
0.
0.156618
0.
0.148411
0.
0.142339
0.
0.133124
0.
0.130337
0.
0.120003
0.
0.120439
0.
0.108871
0.
0.112507
0.
0.0995925
0.
0.106436
0.
0.0920707
0.
0.10215
0.
0.0862443
0.
0.0995987
0.
0.0820837
0.
0.0987498
0.
0.0795829
0.
0.951479
0.
0.949841
0.
0.854502
0.
0.852838
0.
0.762212
0.
0.760495
0.
0.676685
0.
0.674888
0.
0.599009
0.
0.597104
0.
0.529471
0.
0.527428
0.
0.467827
0.
0.465612
0.
0.413533
0.
0.411112
0.
0.365919
0.
0.363252
0.
0.32429
0.
0.321334
0.
0.287984
0.
0.284688
0.
0.256395
0.
0.252707
0.
0.228989
0.
0.224845
0.
0.205297
0.
0.200627
0.
0.184914
0.
0.179637
0.
0.167494
0.
0.161514
0.
0.152736
0.
0.145947
0.
0.140387
0.
0.132663
0.
0.130228
0.
0.121426
0.
0.122074
0.
0.112031
0.
0.115761
0.
0.104298
0.
0.11115
0.
0.0980746
0.
0.108112
0.
0.0932353
0.
0.106534
0.
0.0896882
0.
0.106317
0.
0.0873831
0.
0.951479
0.
0.949517
0.
0.854178
0.
0.852184
0.
0.761558
0.
0.759503
0.
0.675692
0.
0.673542
0.
0.597662
0.
0.595383
0.
0.52775
0.
0.525306
0.
0.465704
0.
0.463057
0.
0.410978
0.
0.408086
0.
0.362894
0.
0.359712
0.
0.32075
0.
0.317227
0.
0.283877
0.
0.279959
0.
0.251666
0.
0.24729
0.
0.223572
0.
0.218671
0.
0.199123
0.
0.193621
0.
0.177908
0.
0.17172
0.
0.159576
0.
0.152608
0.
0.143829
0.
0.135976
0.
0.130416
0.
0.121565
0.
0.119131
0.
0.109161
0.
0.109809
0.
0.0985913
0.
0.102322
0.
0.0897287
0.
0.0965803
0.
0.0824885
0.
0.0925256
0.
0.0768281
0.
0.0901269
0.
0.0727416
0.
0.0893705
0.
0.0702474
0.
0.945823
0.
0.944389
0.
0.838619
0.
0.837162
0.
0.738276
0.
0.736774
0.
0.64734
0.
0.645767
0.
0.566722
0.
0.565054
0.
0.496222
0.
0.494432
0.
0.43504
0.
0.433099
0.
0.382143
0.
0.38002
0.
0.336477
0.
0.334136
0.
0.29707
0.
0.294474
0.
0.263072
0.
0.260175
0.
0.233756
0.
0.230509
0.
0.208512
0.
0.204857
0.
0.186831
0.
0.182701
0.
0.168286
0.
0.163604
0.
0.152524
0.
0.147198
0.
0.13925
0.
0.133171
0.
0.128216
0.
0.121255
0.
0.119216
0.
0.111218
0.
0.112075
0.
0.102855
0.
0.106642
0.
0.095987
0.
0.102782
0.
0.0904503
0.
0.100369
0.
0.0861056
0.
0.0992804
0.
0.0828444
0.
0.0993952
0.
0.0806062
0.
0.945823
0.
0.944011
0.
0.838241
0.
0.836401
0.
0.737515
0.
0.735617
0.
0.646183
0.
0.644197
0.
0.565152
0.
0.563046
0.
0.494214
0.
0.491956
0.
0.432563
0.
0.430117
0.
0.37916
0.
0.376486
0.
0.332943
0.
0.329999
0.
0.292933
0.
0.289671
0.
0.25827
0.
0.254638
0.
0.228219
0.
0.224159
0.
0.202163
0.
0.197607
0.
0.179581
0.
0.174456
0.
0.160041
0.
0.154262
0.
0.143183
0.
0.136654
0.
0.128706
0.
0.12132
0.
0.116366
0.
0.108001
0.
0.105962
0.
0.0964844
0.
0.0973421
0.
0.0866049
0.
0.0903915
0.
0.0782425
0.
0.0850375
0.
0.0713265
0.
0.0812453
0.
0.065838
0.
0.0790129
0.
0.061807
0.
0.0783578
0.
0.0592947
0.
0.937584
0.
0.936377
0.
0.815874
0.
0.814648
0.
0.704936
0.
0.703671
0.
0.607676
0.
0.606352
0.
0.524318
0.
0.522914
0.
0.453654
0.
0.452147
0.
0.393967
0.
0.392333
0.
0.343521
0.
0.341731
0.
0.300775
0.
0.298801
0.
0.264442
0.
0.26225
0.
0.233478
0.
0.231029
0.
0.207045
0.
0.204296
0.
0.184474
0.
0.181373
0.
0.165228
0.
0.161715
0.
0.148875
0.
0.14488
0.
0.135068
0.
0.130503
0.
0.123523
0.
0.118284
0.
0.114012
0.
0.107968
0.
0.106346
0.
0.099334
0.
0.100369
0.
0.0921866
0.
0.0959495
0.
0.0863442
0.
0.0929671
0.
0.081634
0.
0.0913024
0.
0.0778923
0.
0.0908232
0.
0.0749774
0.
0.0913769
0.
0.0728021
0.
0.937584
0.
0.935951
0.
0.815448
0.
0.81379
0.
0.704077
0.
0.702367
0.
0.606372
0.
0.604582
0.
0.522548
0.
0.52065
0.
0.451391
0.
0.449355
0.
0.391175
0.
0.388968
0.
0.340156
0.
0.337743
0.
0.296787
0.
0.294128
0.
0.259769
0.
0.256821
0.
0.228049
0.
0.224763
0.
0.200779
0.
0.1971
0.
0.177278
0.
0.173142
0.
0.156997
0.
0.152334
0.
0.139493
0.
0.134219
0.
0.124407
0.
0.118427
0.
0.111447
0.
0.10465
0.
0.100377
0.
0.0926329
0.
0.0910109
0.
0.0821709
0.
0.083206
0.
0.0731014
0.
0.0768644
0.
0.0653099
0.
0.0719328
0.
0.0587369
0.
0.0684053
0.
0.0533905
0.
0.0663214
0.
0.0493538
0.
0.0657533
0.
0.0467665
0.
0.925014
0.
0.924054
0.
0.782358
0.
0.781382
0.
0.657916
0.
0.65691
0.
0.554111
0.
0.553058
0.
0.469218
0.
0.4681
0.
0.400111
0.
0.398911
0.
0.343655
0.
0.342352
0.
0.297199
0.
0.295773
0.
0.258659
0.
0.257085
0.
0.226445
0.
0.224695
0.
0.199353
0.
0.197396
0.
0.176473
0.
0.174273
0.
0.157111
0.
0.154624
0.
0.140731
0.
0.137908
0.
0.126918
0.
0.123697
0.
0.115348
0.
0.111651
0.
0.105763
0.
0.101495
0.
0.0979624
0.
0.0929982
0.
0.0917855
0.
0.085964
0.
0.0871058
0.
0.0802127
0.
0.0838198
0.
0.0755691
0.
0.0818346
0.
0.0718493
0.
0.0810502
0.
0.0688522
0.
0.0813331
0.
0.066371
0.
0.0824872
0.
0.0642479
0.
0.925014
0.
0.923587
0.
0.781891
0.
0.780441
0.
0.656975
0.
0.655479
0.
0.552681
0.
0.551116
0.
0.467276
0.
0.465616
0.
0.397627
0.
0.395845
0.
0.340589
0.
0.338657
0.
0.293504
0.
0.291391
0.
0.254277
0.
0.251947
0.
0.221307
0.
0.218721
0.
0.19338
0.
0.190494
0.
0.169571
0.
0.166335
0.
0.149173
0.
0.145529
0.
0.131635
0.
0.127517
0.
0.116527
0.
0.111855
0.
0.103506
0.
0.0981856
0.
0.0922982
0.
0.0862179
0.
0.0826858
0.
0.0757106
0.
0.0744979
0.
0.0664648
0.
0.0676065
0.
0.0583201
0.
0.0619272
0.
0.0511587
0.
0.0574242
0.
0.0449207
0.
0.0541216
0.
0.0396334
0.
0.0521143
0.
0.0354511
0.
0.0515673
0.
0.0326644
0.
0.90417
0.
0.903471
0.
0.730626
0.
0.729916
0.
0.590259
0.
0.589527
0.
0.481636
0.
0.480869
0.
0.398332
0.
0.397518
0.
0.333917
0.
0.333043
0.
0.283341
0.
0.282393
0.
0.242961
0.
0.241922
0.
0.210219
0.
0.209071
0.
0.183326
0.
0.182049
0.
0.161017
0.
0.159588
0.
0.142384
0.
0.140775
0.
0.126764
0.
0.124944
0.
0.113667
0.
0.111595
0.
0.10272
0.
0.100348
0.
0.0936426
0.
0.090909
0.
0.0862199
0.
0.0830451
0.
0.0802889
0.
0.0765663
0.
0.0757279
0.
0.0713113
0.
0.0724488
0.
0.067131
0.
0.0703892
0.
0.0638702
0.
0.0695013
0.
0.0613418
0.
0.0697306
0.
0.0592964
0.
0.0709719
0.
0.0574063
0.
0.0729908
0.
0.0553313
0.
0.90417
0.
0.902971
0.
0.730125
0.
0.728907
0.
0.58925
0.
0.587993
0.
0.480101
0.
0.478785
0.
0.396248
0.
0.394852
0.
0.331251
0.
0.329753
0.
0.280051
0.
0.278426
0.
0.238994
0.
0.237215
0.
0.205512
0.
0.203549
0.
0.177803
0.
0.175624
0.
0.154591
0.
0.152156
0.
0.134952
0.
0.132217
0.
0.118206
0.
0.115122
0.
0.103845
0.
0.100349
0.
0.0914747
0.
0.0874967
0.
0.0807914
0.
0.0762427
0.
0.0715536
0.
0.0663258
0.
0.0635697
0.
0.0575268
0.
0.0566883
0.
0.0496575
0.
0.0507951
0.
0.0425553
0.
0.0458135
0.
0.0360843
0.
0.0417154
0.
0.0301539
0.
0.0385426
0.
0.0247712
0.
0.0364467
0.
0.0201527
0.
0.0357372
0.
0.0168726
0.
0.86451
0.
0.864085
0.
0.645717
0.
0.645285
0.
0.49086
0.
0.490414
0.
0.383841
0.
0.383374
0.
0.308556
0.
0.30806
0.
0.253883
0.
0.253351
0.
0.212833
0.
0.212255
0.
0.181085
0.
0.180451
0.
0.15593
0.
0.155229
0.
0.135622
0.
0.134843
0.
0.119003
0.
0.11813
0.
0.105281
0.
0.104297
0.
0.0938967
0.
0.0927812
0.
0.0844514
0.
0.0831791
0.
0.076652
0.
0.0751912
0.
0.0702826
0.
0.0685924
0.
0.0651849
0.
0.0632105
0.
0.0612454
0.
0.0589109
0.
0.0583885
0.
0.0555837
0.
0.0565724
0.
0.0531298
0.
0.055787
0.
0.051439
0.
0.0560509
0.
0.0503514
0.
0.0573989
0.
0.0495851
0.
0.0598331
0.
0.0486267
0.
0.0631729
0.
0.0466801
0.
0.86451
0.
0.863558
0.
0.64519
0.
0.644223
0.
0.489798
0.
0.4888
0.
0.382226
0.
0.381181
0.
0.306364
0.
0.305255
0.
0.251078
0.
0.249887
0.
0.209369
0.
0.208078
0.
0.176908
0.
0.175493
0.
0.150972
0.
0.149411
0.
0.129803
0.
0.128068
0.
0.112229
0.
0.110288
0.
0.0974384
0.
0.0952568
0.
0.0848569
0.
0.0823918
0.
0.074062
0.
0.0712626
0.
0.0647354
0.
0.0615399
0.
0.0566313
0.
0.0529628
0.
0.0495553
0.
0.045316
0.
0.0433509
0.
0.0384131
0.
0.0378907
0.
0.0320832
0.
0.0330719
0.
0.0261593
0.
0.0288165
0.
0.0204692
0.
0.0250811
0.
0.0148393
0.
0.0218868
0.
0.00914477
0.
0.0193927
0.
0.00351609
0.
0.0180623
0.
-0.00106383
0.
0.772239
0.
0.772094
0.
0.496872
0.
0.496724
0.
0.343623
0.
0.343471
0.
0.25431
0.
0.25415
0.
0.198169
0.
0.197999
0.
0.160227
0.
0.160044
0.
0.133022
0.
0.132824
0.
0.112615
0.
0.112398
0.
0.0967927
0.
0.0965525
0.
0.08423
0.
0.0839623
0.
0.0740943
0.
0.0737941
0.
0.0658386
0.
0.0654996
0.
0.0590905
0.
0.0587052
0.
0.0535903
0.
0.0531494
0.
0.0491539
0.
0.0486454
0.
0.0456509
0.
0.0450588
0.
0.0429915
0.
0.0422935
0.
0.0411193
0.
0.0402829
0.
0.0400084
0.
0.038983
0.
0.0396653
0.
0.0383655
0.
0.0401353
0.
0.0384047
0.
0.0415165
0.
0.0390397
0.
0.043981
0.
0.040066
0.
0.0477887
0.
0.0408352
0.
0.0531875
0.
0.0395896
0.
0.772239
0.
0.771549
0.
0.496328
0.
0.495627
0.
0.342526
0.
0.341803
0.
0.252642
0.
0.251885
0.
0.195903
0.
0.1951
0.
0.157327
0.
0.156464
0.
0.129441
0.
0.128505
0.
0.108297
0.
0.107271
0.
0.0916653
0.
0.0905323
0.
0.0782098
0.
0.0769498
0.
0.0670818
0.
0.065672
0.
0.0577165
0.
0.0561299
0.
0.0497209
0.
0.0479259
0.
0.042811
0.
0.0407691
0.
0.0367736
0.
0.0344375
0.
0.031443
0.
0.0287525
0.
0.0266853
0.
0.0235622
0.
0.0223879
0.
0.0187264
0.
0.0184518
0.
0.014103
0.
0.0147853
0.
0.00952948
0.
0.0112993
0.
0.00479405
0.
0.00790593
0.
-0.000410673
0.
0.00453058
0.
-0.00654752
0.
0.00117515
0.
-0.0141693
0.
-0.00181702
0.
-0.0227063
0.
0.499669
0.
0.499805
0.
0.225909
0.
0.226048
0.
0.132451
0.
0.132594
0.
0.0916079
0.
0.0917579
0.
0.0695827
0.
0.0697418
0.
0.0558336
0.
0.0560045
0.
0.0464114
0.
0.0465968
0.
0.0395626
0.
0.0397657
0.
0.0343959
0.
0.03462
0.
0.0304107
0.
0.0306599
0.
0.0273054
0.
0.0275841
0.
0.0248889
0.
0.0252023
0.
0.0230364
0.
0.0233907
0.
0.0216654
0.
0.0220679
0.
0.0207225
0.
0.0211822
0.
0.0201756
0.
0.0207038
0.
0.020011
0.
0.020622
0.
0.0202318
0.
0.0209444
0.
0.0208605
0.
0.0216997
0.
0.021945
0.
0.0229445
0.
0.0235724
0.
0.0247744
0.
0.025899
0.
0.0273367
0.
0.0292197
0.
0.030804
0.
0.0341532
0.
0.0350586
0.
0.0421989
0.
0.0376555
0.
0.499669
0.
0.499252
0.
0.225356
0.
0.224932
0.
0.131336
0.
0.130899
0.
0.0899124
0.
0.089455
0.
0.0672798
0.
0.0667945
0.
0.0528864
0.
0.0523652
0.
0.0427721
0.
0.0422064
0.
0.0351722
0.
0.0345523
0.
0.0291825
0.
0.0284979
0.
0.0242885
0.
0.023527
0.
0.0201724
0.
0.01932
0.
0.0166248
0.
0.0156651
0.
0.0134992
0.
0.0124127
0.
0.0106875
0.
0.00945059
0.
0.00810513
0.
0.00668841
0.
0.00568186
0.
0.00404773
0.
0.00335493
0.
0.00145378
0.
0.00106359
0.
-0.0011728
0.
-0.00125669
0.
-0.00392699
0.
-0.00368172
0.
-0.00693847
0.
-0.00631054
0.
-0.0104118
0.
-0.00928728
0.
-0.0147285
0.
-0.0128455
0.
-0.0207549
0.
-0.0174057
0.
-0.0309395
0.
-0.0237992
0.
-0.0537751
0.
